
=== Medieval History ===
  Parsed: 1800 | Valid: 1800
    Ch |    L1 |    L2 |    L3 |  Total
  --------------------------------
     1 |    10 |    10 |    10 |     30
     2 |    30 |    30 |    30 |     90
     3 |    30 |    30 |    30 |     90
     4 |    30 |    30 |    30 |     90
     5 |    30 |    30 |    30 |     90
     6 |    30 |    30 |    30 |     90
     7 |    30 |    30 |    30 |     90
     8 |    30 |    30 |    30 |     90
     9 |    60 |    30 |    30 |    120
    10 |    30 |    30 |    60 |    120
    11 |    30 |    30 |    30 |     90
    12 |    30 |    30 |    30 |     90
    13 |    30 |    30 |    30 |     90
    14 |    30 |    30 |    30 |     90
    15 |    30 |    30 |    30 |     90
    16 |    30 |    30 |    30 |     90
    17 |    30 |    30 |    30 |     90
    18 |    30 |    30 |    30 |     90
    19 |    30 |    30 |    30 |     90
    20 |    30 |    30 |    30 |     90

=== Ancient History ===
  Parsed: 1600 | Valid: 1600
    Ch |    L1 |    L2 |    L3 |  Total
  --------------------------------
     1 |    30 |    30 |    30 |     90
     2 |    30 |    30 |    30 |     90
     3 |    30 |    30 |    29 |     89
     4 |    30 |    30 |    30 |     90
     5 |    30 |    30 |    30 |     90
     6 |    30 |    30 |    30 |     90
     7 |    60 |    40 |    40 |    140
     8 |    30 |    20 |    10 |     60
     9 |    30 |    30 |    30 |     90
    10 |    30 |    30 |    30 |     90
    11 |    30 |    30 |    30 |     90
    12 |    30 |    30 |    30 |     90
    13 |    30 |    30 |    30 |     90
    14 |     0 |     3 |     4 |      7
    15 |     0 |     3 |     7 |     10
    16 |     1 |     3 |    26 |     30
    17 |     0 |     4 |    28 |     32
    18 |     0 |     2 |    28 |     30
    19 |     0 |     4 |    26 |     30
    20 |     0 |     8 |    27 |     35
    21 |     0 |     5 |    22 |     27
    22 |     0 |     6 |    28 |     34
    23 |     0 |    10 |    25 |     35
    24 |     0 |     9 |    29 |     38
    25 |     0 |     7 |    29 |     36
  ... and 2 more chapters

=== Polity ===
  Parsed: 0 | Valid: 0
    Ch |    L1 |    L2 |    L3 |  Total
  --------------------------------

=== Modern History ===
  Parsed: 45 | Valid: 45
    Ch |    L1 |    L2 |    L3 |  Total
  --------------------------------
     6 |     0 |     0 |    20 |     20
    14 |     0 |    15 |    10 |     25

GRAND TOTAL VALID: 3445
