Ch  | Have_L1 | Need_L1 | Have_L2 | Need_L2 | Have_L3 | Need_L3 | Total | Gap
------------------------------------------------------------------------------------------
  1  |       2 |      28 |      17 |      13 |      16 |      14 |    35 |  55 NEED
  2  |       6 |      24 |      15 |      15 |      18 |      12 |    39 |  51 NEED
  3  |       5 |      25 |      22 |       8 |      26 |       4 |    53 |  37 NEED
  4  |      17 |      13 |      24 |       6 |      29 |       1 |    70 |  20 NEED
  5  |      12 |      18 |      26 |       4 |      25 |       5 |    63 |  27 NEED
  6  |      19 |      11 |      29 |       1 |      28 |       2 |    76 |  14 NEED
  7  |      16 |      14 |      26 |       4 |      30 |       0 |    72 |  18 NEED
  8  |      28 |       2 |      22 |       8 |      30 |       0 |    80 |  10 NEED
  9  |      28 |       2 |      30 |       0 |      30 |       0 |    88 |   2 NEED
 10  |      29 |       1 |      29 |       1 |      29 |       1 |    87 |   3 NEED
 11  |      35 |       0 |      30 |       0 |      30 |       0 |    95 |   0
 12  |      26 |       4 |      30 |       0 |      30 |       0 |    86 |   4 NEED
 13  |      31 |       0 |      30 |       0 |      30 |       0 |    91 |   0
 14  |      27 |       3 |      30 |       0 |      30 |       0 |    87 |   3 NEED
 15  |      61 |       0 |      58 |       0 |      60 |       0 |   179 |   0
 16  |       0 |      30 |       0 |      30 |       0 |      30 |     0 |  90 NEED
 17  |      34 |       0 |      30 |       0 |      30 |       0 |    94 |   0
 18  |      33 |       0 |      30 |       0 |      30 |       0 |    93 |   0
 19  |      35 |       0 |      29 |       1 |      29 |       1 |    93 |   2 NEED
 20  |      35 |       0 |      30 |       0 |      30 |       0 |    95 |   0
 21  |      30 |       0 |      30 |       0 |      30 |       0 |    90 |   0
 22  |      69 |       0 |      89 |       0 |      29 |       1 |   187 |   1 NEED
 23  |      35 |       0 |      29 |       1 |      30 |       0 |    94 |   1 NEED
 24  |      25 |       5 |      20 |      10 |       0 |      30 |    45 |  45 NEED
 25  |       0 |      30 |       0 |      30 |       0 |      30 |     0 |  90 NEED
 26  |      35 |       0 |      30 |       0 |      30 |       0 |    95 |   0
 27  |       6 |      24 |       0 |      30 |       0 |      30 |     6 |  84 NEED
 28  |       6 |      24 |       0 |      30 |       0 |      30 |     6 |  84 NEED
 29  |      18 |      12 |      30 |       0 |      30 |       0 |    78 |  12 NEED
 30  |      35 |       0 |      30 |       0 |      30 |       0 |    95 |   0
 31  |      35 |       0 |      30 |       0 |      30 |       0 |    95 |   0
 32  |       0 |      30 |       0 |      30 |       0 |      30 |     0 |  90 NEED
 33  |      35 |       0 |      30 |       0 |      30 |       0 |    95 |   0
 34  |       0 |      30 |      30 |       0 |      30 |       0 |    60 |  30 NEED
 35  |       0 |      30 |      15 |      15 |      14 |      16 |    29 |  61 NEED
 36  |      25 |       5 |      20 |      10 |      15 |      15 |    60 |  30 NEED
 37  |      25 |       5 |      30 |       0 |      30 |       0 |    85 |   5 NEED
 38  |      60 |       0 |      58 |       0 |      51 |       0 |   169 |   0
 39  |       0 |      30 |       0 |      30 |       0 |      30 |     0 |  90 NEED
 40  |      30 |       0 |      30 |       0 |      30 |       0 |    90 |   0
 41  |      30 |       0 |      30 |       0 |      30 |       0 |    90 |   0
 42  |       0 |      30 |      30 |       0 |      30 |       0 |    60 |  30 NEED
 43  |      30 |       0 |      29 |       1 |      30 |       0 |    89 |   1 NEED
 44  |      30 |       0 |      29 |       1 |       0 |      30 |    59 |  31 NEED
 45  |      30 |       0 |      30 |       0 |      29 |       1 |    89 |   1 NEED
 46  |      30 |       0 |      26 |       4 |      20 |      10 |    76 |  14 NEED
 47  |       0 |      30 |       0 |      30 |      15 |      15 |    15 |  75 NEED
 48  |       0 |      30 |       0 |      30 |      30 |       0 |    30 |  60 NEED
 49  |       3 |      27 |       9 |      21 |       8 |      22 |    20 |  70 NEED
 50  |       0 |      30 |      10 |      20 |       6 |      24 |    16 |  74 NEED
 51  |       2 |      28 |       7 |      23 |       7 |      23 |    16 |  74 NEED
 52  |       5 |      25 |       8 |      22 |       8 |      22 |    21 |  69 NEED
 53  |       2 |      28 |       6 |      24 |       8 |      22 |    16 |  74 NEED
 54  |       2 |      28 |       7 |      23 |       8 |      22 |    17 |  73 NEED
 55  |       1 |      29 |       8 |      22 |       7 |      23 |    16 |  74 NEED
 56  |       3 |      27 |      10 |      20 |       7 |      23 |    20 |  70 NEED
 57  |      18 |      12 |      29 |       1 |      26 |       4 |    73 |  17 NEED
 58  |       7 |      23 |       7 |      23 |       7 |      23 |    21 |  69 NEED
 59  |       0 |      30 |       0 |      30 |       0 |      30 |     0 |  90 NEED
 60  |      10 |      20 |      10 |      20 |      28 |       2 |    48 |  42 NEED
 61  |      10 |      20 |      10 |      20 |      10 |      20 |    30 |  60 NEED
 62  |      10 |      20 |      10 |      20 |      10 |      20 |    30 |  60 NEED
 63  |      10 |      20 |      10 |      20 |      10 |      20 |    30 |  60 NEED
 64  |      10 |      20 |      10 |      20 |      10 |      20 |    30 |  60 NEED
 65  |      10 |      20 |      10 |      20 |      10 |      20 |    30 |  60 NEED
 66  |      19 |      11 |      20 |      10 |      30 |       0 |    69 |  21 NEED
 67  |      14 |      16 |      14 |      16 |      26 |       4 |    54 |  36 NEED
 68  |       0 |      30 |       2 |      28 |       9 |      21 |    11 |  79 NEED
 69  |       0 |      30 |       0 |      30 |       0 |      30 |     0 |  90 NEED
 70  |      14 |      16 |      18 |      12 |      28 |       2 |    60 |  30 NEED
 71  |       7 |      23 |      10 |      20 |       9 |      21 |    26 |  64 NEED
 72  |       0 |      30 |       0 |      30 |       0 |      30 |     0 |  90 NEED
 73  |       0 |      30 |       0 |      30 |       0 |      30 |     0 |  90 NEED
 74  |       5 |      25 |      10 |      20 |       7 |      23 |    22 |  68 NEED
 75  |       8 |      22 |      10 |      20 |      29 |       1 |    47 |  43 NEED
 76  |       9 |      21 |      10 |      20 |      19 |      11 |    38 |  52 NEED
 77  |      10 |      20 |      10 |      20 |      10 |      20 |    30 |  60 NEED
 78  |       0 |      30 |      30 |       0 |      41 |       0 |    71 |  30 NEED
 79  |       0 |      30 |      30 |       0 |      39 |       0 |    69 |  30 NEED
 80  |       0 |      30 |       0 |      30 |       0 |      30 |     0 |  90 NEED
 81  |       0 |      30 |       0 |      30 |       0 |      30 |     0 |  90 NEED
 82  |       0 |      30 |       0 |      30 |       0 |      30 |     0 |  90 NEED
 83  |       0 |      30 |       0 |      30 |       0 |      30 |     0 |  90 NEED
 84  |       0 |      30 |       0 |      30 |       0 |      30 |     0 |  90 NEED
 85  |       0 |      30 |       0 |      30 |       0 |      30 |     0 |  90 NEED
 86  |       0 |      30 |       0 |      30 |       0 |      30 |     0 |  90 NEED
 87  |       0 |      30 |       0 |      30 |       0 |      30 |     0 |  90 NEED
 88  |       0 |      30 |       0 |      30 |       0 |      30 |     0 |  90 NEED
 89  |       0 |      30 |       0 |      30 |       0 |      30 |     0 |  90 NEED
 90  |       0 |      30 |       0 |      30 |       0 |      30 |     0 |  90 NEED
 91  |       0 |      30 |       0 |      30 |       0 |      30 |     0 |  90 NEED
 92  |       0 |      30 |       0 |      30 |       0 |      30 |     0 |  90 NEED
 93  |       0 |      30 |       0 |      30 |       0 |      30 |     0 |  90 NEED
 94  |       0 |      30 |       0 |      30 |       0 |      30 |     0 |  90 NEED
 95  |       1 |      29 |       6 |      24 |       4 |      26 |    11 |  79 NEED

TOTAL HAVE: 4405
TOTAL NEED: 4479
FINAL TARGET: 8884