Date	Cash	Expense	Sale
1-Jan	2570	3235	3710
2-Jan	950	1350	2900
3-Jan	880	1255	2475
4-Jan	1910	2623	2948
5-Jan	1770	2730	3320
6-Jan	2730	88	1748
7-Jan	2600	985	3090
8-Jan	600	3705	2195
9-Jan	1950	150	1940
10-Jan	2420	1360	2230
11-Jan	2100	1758	2548
12-Jan	2200	5940	4905
13-Jan	610	1800	2135
14-Jan	2460	1590	4610
15-Jan	1360	2060	2115
16-Jan	2800	308	2818
17-Jan	2640	1580	1705
18-Jan	1000	2155	1385
19-Jan	1760	1960	2410
20-Jan	1380	3896	4146
21-Jan	940	1295	1090
22-Jan	1550	100	1390
23-Jan	1350	2195	3150
24-Jan	670	1738	2358
25-Jan	580	800	1830
26-Jan	770	3405	1960
27-Jan	460	1005	1345

Date	Cash	Expense	Sale
1-Feb	1480	650	1940
2-Feb	630	3884	4464
3-Feb	930	1028	2608
4-Feb	1350	1910	2510
5-Feb	1300	1100	1910
6-Feb	710	1850	2140
7-Feb	880	960	1790
8-Feb	2200	1422	3742
9-Feb	3500	2476	5466
10-Feb	3500	1125	2280
11-Feb	3210	1288	2180
12-Feb	480	5140	1840
13-Feb	2520	1315	4115
14-Feb	610	2585	1760
15-Feb	1110	1550	1930
16-Feb	2120	3828	3908
17-Feb	3120	200	1790
18-Feb	2900	1540	1260
19-Feb	2100	1255	2660
20-Feb	750	1970	2460
21-Feb	1510	1230	2480
22-Feb	1750	1960	3580
23-Feb	2770	1693	3468
24-Feb	1050	3550	1820
25-Feb	1000	1250	2090
26-Feb	1560	2290	2640
27-Feb	2500	890	3690

Date	Cash	Expense	Sale
1-Mar	720	1320	1970
2-Mar	720	1090	3050
3-Mar	1220	1010	1270
4-Mar	2220	350	1980
5-Mar	550	3580	2940
6-Mar	2750	1488	3360
7-Mar	2050	2020	2010
8-Mar	1820	1600	1750
9-Mar	1950	2310	2460
10-Mar	2870	256	2436
11-Mar	2600	1070	1880
12-Mar	400	4358	2468
13-Mar	1050	5348	1348
14-Mar	2450	228	2380
15-Mar	1520	2040	2760
16-Mar	1300	2613	3810
17-Mar	1000	1370	2310
18-Mar	1400	1680	2570
19-Mar	1580	2855	3140
20-Mar	3000	1320	3910
21-Mar	2810	1500	2510
22-Mar	4110	910	2815
23-Mar	600	5758	3900
24-Mar	1950	1200	2730
25-Mar	880	1235	600
26-Mar	2513	815	1400
27-Mar	2120	0	1260
28-Mar	1010	1520	740
29-Mar	800	4250	1940
30-Mar	1760	628	2590
31-Mar	2010	510	1620

Date	Cash	Expense	Sale
1-Apr	1040	1605	1230
2-Apr	1230	1290	1805
3-Apr	1200	990	1480
4-Apr	1710	835	2400
5-Apr	480	1840	2510
6-Apr	600	830	2060
7-Apr	800	890	2600
8-Apr	710	1330	1320
9-Apr	1150	950	2330
10-Apr	1600	1660	2090
11-Apr	600	2233	1368
12-Apr	2400	715	3100
13-Apr	250	7191	3306
14-Apr	1210	100	1430
15-Apr	1150	735	1910
16-Apr	750	1450	1580
17-Apr	1820	0	1430
18-Apr	1120	1345	1380
19-Apr	1520	1220	2180
20-Apr	1710	2334	3610
21-Apr	2400	950	2450
22-Apr	3020	1000	3920
23-Apr	1280	5585	2830
24-Apr	740	3730	2250
25-Apr	730	1875	1400
26-Apr	1600	0	2130
27-Apr	2220	2120	4850
28-Apr	1310	1530	1620
29-Apr	1600	1145	1850
30-Apr	2000	915	3260

Date	Cash	Expense	Sale
1-May	940	2740	1630
2-May	1040	920	1570
3-May	2580	1820	3430
4-May	2470	2490	3670
5-May	3500	1100	2600
6-May	3280	1975	2700
7-May	2180	1640	1610
8-May	1500	1250	1640
9-May	1400	1480	3540
10-May	2820	1530	3740
11-May	730	5960	3710
12-May	650	905	2980
13-May	1630	1200	2400
14-May	2660	2685	4040
15-May	2210	2550	3350
16-May	1680	1160	1460
17-May	630	1370	1570
18-May	2430	280	3180
19-May	2210	1470	1640
20-May	790	0	2960
31-May	1760	5030	2900

Date	Cash	Expense	Sale
1-Jun	1100	1795	2640
2-Jun	830	1020	930
3-Jun	1520	70	1140
4-Jun	1030	930	880
5-Jun	2300	120	1650
6-Jun	1320	1400	1030
7-Jun	2080	770	1980
8-Jun	1450	2470	3400
9-Jun	1950	800	1950
10-Jun	370	1520	1560
11-Jun	1120	340	1510
12-Jun	920	1210	1660
13-Jun	1060	20960	1310
14-Jun	1400	1600	1340
15-Jun	760	4215	1640
16-Jun	2000	980	3170
17-Jun	2020	5810	2530
18-Jun	830	1635	1650
19-Jun	680	580	830
20-Jun	1950	575	2720
21-Jun	1710	1785	2640
22-Jun	1660	2120	3080
23-Jun	2610	5370	3630
25-Jun	650	2175	1510
26-Jun	670	5000	2610
27-Jun	800	1470	1860
28-Jun	1300	17710	2520
29-Jun	970	1780	3860
30-Jun	1260	915	1720

Date	Cash	Expense	Sale
1-Jul	1150	22180	1590
2-Jul	1070	1150	1570
3-Jul	2250	780	2430
4-Jul	520	2130	960
5-Jul	1260	1630	1870
6-Jul	1820	5137	4124
7-Jul	3350	1970	3650
8-Jul	1560	1080	2890
9-Jul	480	2150	1450
10-Jul	1360	2430	1570
11-Jul	1500	2700	1520
12-Jul	1300	8490	2630
13-Jul	3470	3870	7985
14-Jul	630	7450	3620
15-Jul	1750	940	4330
16-Jul	2250	1650	2630
17-Jul	4850	1220	5035
18-Jul	3460	2980	2710
19-Jul	3660	1550	4390
20-Jul	2970	8420	8820
21-Jul	2000	2845	2085
22-Jul	3200	420	3300
23-Jul	1910	3025	4140
24-Jul	1700	1800	2320
25-Jul	3420	110	2800
26-Jul	2200	3200	3440
27-Jul	4450	2250	7130
28-Jul	2630	3880	2675
29-Jul	3060	1580	2870
30-Jul	3300	2450	3025
31-Jul	3280	1300	3655

Date	Cash	Expense	Sale
1-Aug	1750	3012	3530
2-Aug	3950	720	5235
3-Aug	2720	2790	1890
4-Aug	3920	227	2230
5-Aug	5100	290	2395
6-Aug	1550	4580	2600
7-Aug	3150	350	2260
8-Aug	2950	2140	3230
9-Aug	5210	2500	7365
10-Aug	5570	4640	8180
11-Aug	2100	6980	5050
12-Aug	3100	1915	5135
13-Aug	2900	3550	4735
14-Aug	3370	6720	5760
15-Aug	3080	5590	7460
16-Aug	2470	2290	2130
17-Aug	5900	1890	6950
18-Aug	5270	5520	4945
19-Aug	3720	3730	3780
20-Aug	3700	2120	3420
21-Aug	3160	2580	3750
22-Aug	3210	2380	4450
23-Aug	2000	2530	3565
24-Aug	3550	4440	7590
25-Aug	3290	2130	5575
26-Aug	3320	3320	4910
27-Aug	3860	1160	3030
28-Aug	3140	3180	4585
29-Aug	3600	2390	4620
30-Aug	2670	3645	4425
31-Aug	5820	0	5140

Date	Cash	Expense	Sale
1-Sep	3870	4290	2540
2-Sep	3100	2890	4500
3-Sep	2700	3310	4470
4-Sep	3590	820	3850
5-Sep	3100	3926	3360
6-Sep	5250	760	4220
7-Sep	4650	6230	7450
8-Sep	3730	1930	1750
9-Sep	6770	1220	6050
10-Sep	5420	4620	5905
11-Sep	2850	4330	3500
12-Sep	600	6300	3550
13-Sep	3800	3350	7440
14-Sep	1800	5380	3475
15-Sep	7200	1590	6030
16-Sep	5400	3850	4160
17-Sep	4400	1800	3655
18-Sep	4420	2275	1490
19-Sep	5410	550	4110
20-Sep	5500	2090	4235
21-Sep	6120	5320	9420
22-Sep	2250	6225	3550
23-Sep	1900	2200	5030
24-Sep	2480	1680	3660
25-Sep	2190	2190	2590
26-Sep	2470	1860	3395
27-Sep	2200	2270	4615
28-Sep	2250	3625	6820
29-Sep	1600	1310	2480
30-Sep	1150	2190	2530

Date	Cash	Expense	Sale
1-Oct	2170	1290	2630
2-Oct	2950	3200	4945
3-Oct	1250	2660	3645
4-Oct	1100	4080	5180
5-Oct	4000	4430	7800
6-Oct	5200	2150	5630
7-Oct	4820	3500	4390
8-Oct	3320	2383	5038
9-Oct	1150	3415	3700
10-Oct	1480	900	3560
11-Oct	3370	410	4375
12-Oct	3400	4670	8590
13-Oct	2200	7025	3335
14-Oct	3700	583	2918
15-Oct	2950	1870	3520
16-Oct	3300	2370	5050
17-Oct	2670	1740	1710
18-Oct	2080	1910	2690
23-Oct	1320	3155	3005
24-Oct	1180	2740	2055
25-Oct	1100	1820	3480
26-Oct	1760	9170	5110
27-Oct	2020	2960	4890
28-Oct	3350	2020	4720
29-Oct	5680	3287	7270
30-Oct	2970	4910	3550
31-Oct	5550	150	4760

Date	Cash	Expense	Sale
1-Nov	1230	6050	3370
2-Nov	4650	1450	6925
3-Nov	4460	2500	3620
4-Nov	4250	2340	4650
5-Nov	5400	2010	4340
6-Nov	3160	3965	4055
7-Nov	4150	280	2220
8-Nov	4150	2990	4810
9-Nov	4010	4165	8865
10-Nov	2800	2180	1710
11-Nov	4110	330	4790
12-Nov	1440	4140	4065
13-Nov	2550	1960	5300
14-Nov	2910	1985	5285
15-Nov	3910	6340	6200
16-Nov	2000	10760	8110
17-Nov	1720	2060	2930
18-Nov	3760	710	5015
19-Nov	6310	1130	6210
20-Nov	3770	2200	2140
21-Nov	4350	0	2385
22-Nov	4000	9000	5210
23-Nov	6450	2440	9460
24-Nov	3520	2520	352
25-Nov	4060	3680	3375
26-Nov	6170	1150	4485
27-Nov	2600	5015	2155
28-Nov	2050	3445	2620
29-Nov	3500	320	2960
30-Nov	6950	150	6950

Date	Cash	Expense	Sale
9-Dec	850	2460	1775
10-Dec	2050	2765	1630
11-Dec	2340	1442	3780
12-Dec	2250	50	2270
13-Dec	1100	2460	2510
14-Dec	3450	2440	8850
15-Dec	1600	3310	2610
16-Dec	3910	200	3810
17-Dec	2200	3250	4125
18-Dec	650	2590	2180
19-Dec	2710	330	4325
20-Dec	2560	4000	5610
21-Dec	4270	3975	8820
22-Dec	1320	3780	4400
23-Dec	1320	2970	3090
24-Dec	3100	540	3520
25-Dec	2770	3805	4360
26-Dec	1750	2570	4400
27-Dec	3100	3550	7650
28-Dec	2470	3620	5865
29-Dec	1700	5180	3025
30-Dec	900	4260	3300
31-Dec	3510	5560	9660

Date	Cash	Expense	Sale
1-Jan	3930	5290	8965
2-Jan	2540	4235	5135
3-Jan	2450	2170	3140
4-Jan	6600	1300	7320
5-Jan	4950	4685	4540
6-Jan	4050	3040	3950
7-Jan	5060	23200	5790
8-Jan	2570	3425	3870
9-Jan	2350	4590	5050
10-Jan	2350	2575	6015
11-Jan	3050	5014	3375
12-Jan	2500	5590	4110
13-Jan	1720	4725	3860
14-Jan	3320	2940	8515
15-Jan	3860	2500	3860
16-Jan	4560	1950	4445
17-Jan	4570	5340	4450
18-Jan	3550	4410	5520
19-Jan	6040	920	5770
20-Jan	3050	5014	3375
21-Jan	3580	1900	5686
22-Jan	2150	2950	4210
23-Jan	1800	3965	6310
24-Jan	2000	17050	2900
25-Jan	4000	1120	8015
26-Jan	3400	2090	6190
27-Jan	2380	3705	6010
28-Jan	4150	4920	7370
29-Jan	2400	3690	3280
30-Jan	1640	2100	4850
31-Jan	4670	2325	5680

Date	Cash	Expense	Sale
1-Feb	4310	6450	8550
2-Feb	4250	4300	7075
3-Feb	6000	280	2910
4-Feb	7750	1330	5615
5-Feb	1150	7260	5310
6-Feb	2570	2170	5435
7-Feb	1800	4400	6780
8-Feb	3900	2430	10960
9-Feb	1330	13240	6970
10-Feb	1370	3110	5340
11-Feb	3940	4080	7775
12-Feb	2170	4090	4505
13-Feb	4160	1192	4930
14-Feb	4870	5665	7040
15-Feb	3790	19970	5830
16-Feb	4220	1140	4095
17-Feb	7240	480	5940
18-Feb	2500	8040	6890
19-Feb	2350	2220	3810
20-Feb	3750	1090	6355
21-Feb	2150	6740	6450
22-Feb	6500	1610	11120
23-Feb	3110	8630	6855
24-Feb	4800	1050	5005
25-Feb	3800	5350	4910
26-Feb	2560	6531	8280
27-Feb	2290	4830	4360
28-Feb	3050	5960	11260

Date	Cash	Expense	Sale
1-Mar	2900	22315	5100.0
2-Mar	5000	980	6320.0
3-Mar	6300	5460	14020.0
4-Mar	3300	7330	9190.0
5-Mar	3600	2800	9000.0
6-Mar	4250	4110	6060.0
7-Mar	2200	6200	3800.0
8-Mar	3500	6830	7330.0
9-Mar	6950	1700	7790.0
10-Mar	6700	2540	4660.0
11-Mar	9160	445	6155.0
12-Mar	5650	6245	5005.0
13-Mar	3500	2610	8675.0
14-Mar	2150	12120	6280.0
15-Mar	4120	2560	9505.0
16-Mar		4710	8160.0
17-Mar		7100	6485.0
18-Mar		360	11230.0
19-Mar		9770	6410.0
20-Mar		6110	9330.0
21-Mar		4630	7035.0
22-Mar		1250	13095.0
23-Mar		7400	3970.0
24-Mar		3060	8190.0
25-Mar		4850	8585.0
26-Mar		3170	7730.0
