Date	Today Cash	Expense	Total Sale
24-Sep	9050	1160	6740
25-Sep	6220	5000	2890
26-Sep	7220	0	2180
27-Sep	7150	1980	2160
28-Sep	6260	2654	3694
29-Sep	5190	2827	1717
30-Sep	5900	870	2150

Date	Today Cash	Expense	Total Sale
1-Oct-23	6810	3190	2280
2-Oct-23	3800	4290	2280
3-Oct-23	2850	2615	2240
4-Oct-23	3880	0	2395
5-Oct-23	5250	0	1570
6-Oct-23	5450	1240	3030
7-Oct-23	6590	645	2955
8-Oct-23	5200	4860	6560
9-Oct-23	3700	2950	1830
10-Oct-23	600	3500	2130
11-Oct-23	1550	0	1340
12-Oct-23	1650	1960	3010
13-Oct-23	3010	0	2210
14-Oct-23	3120	1775	2845
15-Oct-23	3470	2200	3570
16-Oct-23	3360	675	1565
17-Oct-23	4780	290	2300
18-Oct-23	4260	1655	1650
19-Oct-23	4250	1480	2592
20-Oct-23	5160	525	2505
21-Oct-23	3170	10000	1674
22-Oct-23	3940	200	1700
23-Oct-23	5500	286	3146
24-Oct-23	2250	3670	2030
25-Oct-23	1180	1614	1964
26-Oct-23	2940	0	2430
27-Oct-23	1420	4820	2560
28-Oct-23	1890	2285	3022
29-Oct-23	4280	3230	5970
30-Oct-23	2830	2493	2421
31-Oct-23	3720	0	1889

Date	Today Cash	Expense	Total Sale
1-Nov	3420	1410	1972
2-Nov	5190	550	2589.75
3-Nov	3490	1798	3410
4-Nov	4030	1420	3233
5-Nov	3570	2550	3684
6-Nov	4900	672	2955
7-Nov	2950	4060	2665
8-Nov	2700	1210	1465
9-Nov	3360	0	1375
15-Nov	4920	15540	10203
16-Nov	3620	3200	4802
17-Nov	4410	1600	3313
18-Nov	3850	3339	4260
19-Nov	3220	2780	2250
20-Nov	3450	695	1344
21-Nov	4410	0	1890
22-Nov	5440	3515	2569
23-Nov	4040	2585	3225
24-Nov	2460	3605	3199
25-Nov	2950	3885	4252
26-Nov	2960	2150	3512
27-Nov	3100	1019	1809
28-Nov	3320	1100	1870
29-Nov	3345	2075	3249
30-Nov	3435	3435	3730

Date	Today Cash	Expense	Total Sale
1-Dec	6130	90	3563
2-Dec	4560	4360	3765
3-Dec	3160	4690	4560
4-Dec	2460	1980	1990
5-Dec	3000	1685	3185
6-Dec	7160	130	5050
7-Dec	6750	1860	1800
8-Dec	6780	825	2205
9-Dec	6100	2040	3010
10-Dec	8410	800	4280
11-Dec	1950	7670	2055
12-Dec	3300	120	2800
13-Dec	2720	4646	3595
14-Dec	2700	1530	3190
15-Dec	890	2670	1750
16-Dec	2040	280	1960
17-Dec	2280	3230	4080
18-Dec	4180	1430	4490
19-Dec	2650	2710	2578
20-Dec	3360	4700	2550
21-Dec	2610	1905	2465
22-Dec	1900	2025	2230
23-Dec	1560	1790	2732
24-Dec	4470	375	5005
25-Dec	2960	3495	3685
26-Dec	960	3380	1310
27-Dec	1500	285	1855
28-Dec	1460	1776	2566
29-Dec	1900	0	990
30-Dec	4150	290	3620
31-Dec	5250	5975	5165

Date	Today Cash	Expense	Total Sale
1-Jan	5310	3830	5345
2-Jan	3500	2603	2363
3-Jan	3420	1000	1600
4-Jan	6070	0	3250
5-Jan	1820	5201	2371
6-Jan	1530	1700	2820
7-Jan	2520	3900	2340
8-Jan	3450	0	1650
9-Jan	5300	0	2610
10-Jan	1100	5945	1765
11-Jan	2430	0	1850
16-Jan	2570	3600	3710
17-Jan	2020	6066	3946
18-Jan	1840	2125	3535
19-Jan	1360	1761	2330
20-Jan	2910	1140	4520
21-Jan	3060	3321	4210
22-Jan	2000	2405	2555
23-Jan	1140	1635	1630
24-Jan	2310	0	1670
25-Jan	1780	1165	1045
26-Jan	3100	3500	2220
27-Jan	1350	3100	2220
31-Jan	2220	0	1870

Date	Today Cash	Expense	Total Sale
1-Feb	3100	2245	2285
2-Feb	2020	1556	3622
3-Feb	1900	5655	2370
4-Feb	3600	1654	4054
5-Feb	2450	2160	2240
6-Feb	2210	2382	4042
7-Feb	2200	1910	2320
8-Feb	1410	2108	2358
9-Feb	960	1045	1085
10-Feb	2620	0	2370
11-Feb	2270	2111	3061
12-Feb	1270	2210	1940
13-Feb	3760	3500	4320
14-Feb	4100	8231	2525
15-Feb	5050	0	2490
16-Feb	2700	7710	1430
17-Feb	3530	200	2100
18-Feb	2370	2573	6318
19-Feb	2230	1850	2180
20-Feb	3350	0	1760
21-Feb	2370	3004	4784
22-Feb	1440	5440	3740
23-Feb	500	1350	2350
24-Feb	2820	0	3610
25-Feb	2380	3060	4700
26-Feb	1750	1550	1470
27-Feb	2410	1306	3816
28-Feb	1580	3511	2115
29-Feb	1100	2270	1610

Date	Today Cash	Expense	Total Sale
1-Mar	950	3845	2615
2-Mar	1250	2535	3090
3-Mar	1410	1650	3387
4-Mar	440	2530	2620
5-Mar	1850	1220	2670
6-Mar	2070	710	3570
7-Mar	3270	575	4345
8-Mar	730	5660	1910
9-Mar	2850	350	3750
10-Mar	2070	1460	3955
11-Mar	1470	4770	1750
12-Mar	1510	1370	2050
13-Mar	1450	2875	3585
14-Mar	1150	896	1260
15-Mar	2480	200	2250
16-Mar	2940	1180	3040
17-Mar	2660	2130	3640
18-Mar	930	786	1560
19-Mar	1330	0	1240
20-Mar	1400	1248	1948
21-Mar	1400	1630	2050
22-Mar	820	3650	2480
23-Mar	930	1080	1910
24-Mar	140	1456	1966
25-Mar	2450	175	3545
28-Mar	1570	1790	1500
29-Mar	710	1260	3270
30-Mar	1600	2080	2630
31-Mar	1800	6785	2255

Date	Today Cash	Expense	Total Sale
1-Apr	2000	1000	2400
2-Apr	900	1600	1100
3-Apr	550	635	1335
4-Apr	1430	0	1440
5-Apr	800	1085	775
6-Apr	600	1155	1915
7-Apr	880	1410	2560
8-Apr	750	1165	1475
9-Apr	170	1395	770
10-Apr	1450	160	1850
11-Apr	1910	1144	2830
12-Apr	1910	1185	2145
24-Apr	2260	3980	3210
25-Apr	1920	8031	2560
26-Apr	800	5481	2281
27-Apr	1150	510	1760
28-Apr	2940	1430	5260
29-Apr	1700	2750	2300
30-Apr	1850	1295	2195

Date	Today Cash	Expense	Total Sale
1-May	1570	1380	1790
2-May	3010	319	3209
3-May	4750	1590	6060
4-May	2170	3015	1720
5-May	3120	3180	4360
6-May	800	3880	1620
7-May	550	1182	1175
8-May	1210	0	1420
9-May	1450	1190	3140
10-May	1200	986	1156
11-May	2100	55	1245
12-May	2080	1335	2050
13-May	1250	1940	1330
14-May	900	1150	1680
15-May	860	735	1365
16-May	560	1330	550
17-May	1450	0	1580
18-May	670	5318	1448
19-May	1100	835	770
20-May	1980	0	1200
21-May	870	4320	1210
22-May	1530	90	1450
23-May	460	1210	510
24-May	1030	0	1150
25-May	1210	1980	1210
26-May	1200	110	1320
27-May	1100	1300	1710
28-May	1000	1100	1290
29-May	1350	1050	1590
31-May	270	1250	290

Date	Today Cash	Expense	Total Sale
1-Jun	2020	0	2480
2-Jun	1150	4330	2050
3-Jun	940	2095	1005
4-Jun	1060	0	370
5-Jun	620	710	690
6-Jun	1650	325	2205
7-Jun	1030	1060	690
8-Jun	880	980	1080
9-Jun	1280	770	1930
10-Jun	1200	910	1240
11-Jun	730	1960	2511
14-Jun	520	1575	1525
15-Jun	670	1145	1350
16-Jun	1580	2385	3050
17-Jun	2720	4188	2010
18-Jun	2670	1420	2210
19-Jun	900	2840	2020
20-Jun	2200	150	2090
21-Jun	2370	1135	2045
22-Jun	2300	2610	2700
23-Jun	1660	3740	4660
26-Jun	2600	1955	3885
27-Jun	2440	3455	4935
28-Jun	2630	1640	3040
29-Jun	2500	2170	3740
30-Jun	2630	14471	4001

Date	Today Cash	Expense	Total Sale
1-Jul	2930	1150	2250
2-Jul	2880	2530	3070
3-Jul	220	1150	3075
4-Jul	1680	80	3410
5-Jul	1600	2727	4267
6-Jul	1350	1920	2100
7-Jul	2460	940	4950
8-Jul	2550	2525	3495
9-Jul	1720	2115	2950
10-Jul	750	1900	1470
11-Jul	1840	1340	2510
12-Jul	1200	1620	1950
13-Jul	2000	7300	1690
14-Jul	2560	2890	4945
15-Jul	450	2360	2160
16-Jul	2150	1364	3413
17-Jul	1700	1750	3140
18-Jul	1370	1765	1885
19-Jul	2700	190	2241
20-Jul	2970	1550	2310
21-Jul	4400	2580	5540
22-Jul	100	15630	1680
23-Jul	1510	470	2330
24-Jul	1560	3240	2470
25-Jul	1520	1945	3330
26-Jul	1000	2388	3198
27-Jul	320	1000	1360
28-Jul	1360	3068	5048
29-Jul	1150	1110	1952
30-Jul	2700	1990	2790
31-Jul	720	2565	2350

Date	Today Cash	Expense	Total Sale
1-Aug	1350	1285	4220
2-Aug	1000	1960	1750
3-Aug	800	1200	1820
4-Aug	1620	1596	3966
5-Aug	850	1840	1580
6-Aug	1600	1660	3435
7-Aug	1320	2860	1800
8-Aug	800	1500	2500
9-Aug	1400	335	2435
10-Aug	3500	5025	5370
11-Aug	2500	3698	4478
12-Aug	2680	0	510
13-Aug	250	4408	1701
14-Aug	860	1622	4112
15-Aug	260	2295	1061
16-Aug	530	1210	1590
17-Aug	2110	288	2638
18-Aug	920	2235	1760
19-Aug	1620	320	2080
20-Aug	2320	1255	2730
21-Aug	1830	1560	1680
22-Aug	1800	2885	3555
23-Aug	1570	2171	3241
24-Aug	1270	4875	1885
25-Aug	3130	3516	4666
26-Aug	2950	1770	2750
27-Aug	2870	1250	1370
28-Aug	3210	1127	2417
29-Aug	2280	2379	1799
30-Aug	3700	0	2073
31-Aug	3500	1730	2360

Date	Today Cash	Expense	Total Sale
1-Sep	4900	2418	5308
2-Sep	3650	2400	2090
3-Sep	4150	1010	1750
4-Sep	5530	900	2810
5-Sep	5470	1880	2210
7-Sep	5580	1220	2540
8-Sep	4180	3960	5270
9-Sep	4200	1100	2530
10-Sep	3170	8188	3388
11-Sep	1800	1810	1500
12-Sep	2650	1200	1090
13-Sep	3520	1125	4876
14-Sep	2100	3933	4373
15-Sep	4000	6841	7211
16-Sep	3640	2160	2460
17-Sep	2950	1490	1230
18-Sep	3700	0	1190
19-Sep	2900	2388	2848
20-Sep	4400	355	3225
21-Sep	3700	2880	2150
22-Sep	3900	2630	5050
23-Sep	570	5645	2590
24-Sep	60	780	630
25-Sep	770	0	1440
26-Sep	1160	810	1890
27-Sep	1720	250	1550
28-Sep	470	4755	1490
29-Sep	1820	2018	5808
30-Sep	740	1995	1580

Date	Today Cash	Expense	Total Sale
1-Oct	1800	70	2260
2-Oct	840	1730	2480
3-Oct	850	1280	1160
4-Oct	970	1088	2140
5-Oct	500	2350	1370
6-Oct	1740	1728	2300
7-Oct	2060	520	1340
8-Oct	3170	0	1510
9-Oct	1530	2770	2520
10-Oct	1160	895	1200
11-Oct	1730	0	690
12-Oct	1720	920	2480
13-Oct	2030	2018	4398
14-Oct	530	4670	1260
15-Oct	1450	468	2158
16-Oct	950	2540	1000
17-Oct	950	2815	1010
18-Oct	1170	205	1665
19-Oct	1810	1990	2580
20-Oct	800	1980	1750
21-Oct	1100	200	810
22-Oct	2300	0	1870
23-Oct	1080	1712	1900
24-Oct	2430	3750	2070
25-Oct	2080	1050	1030
26-Oct	850	2240	1110
27-Oct	300	1150	770

Date	Today Cash	Expense	Total Sale
3-Nov	1630	2433	1790
4-Nov	1120	1120	1860
5-Nov	960	730	1430
6-Nov	1450	1240	2220
7-Nov	1470	1025	1710
8-Nov	2520	280	2640
9-Nov	1600	3685	1925
10-Nov	1360	3940	3690
11-Nov	750	1510	1230
12-Nov	860	780	1030
13-Nov	1420	685	3150
14-Nov	2460	3450	3620
15-Nov	1180	2338	1233
18-Nov	1300	915	2090
19-Nov	3130	1450	5820
20-Nov	3080	2435	3000
21-Nov	1200	9950	1980
22-Nov	1460	1450	2040
23-Nov	1370	1570	1970
24-Nov	4140	2070	6270
25-Nov	2800	2380	2655
28-Nov	2380	1828	1858
29-Nov	560	3315	3285
30-Nov	1120	1400	2250

Date	Today Cash	Expense	Total Sale
1-Dec	2320	1688	4033
2-Dec	1950	1150	1750
3-Dec	320	4120	1955
4-Dec	1310	845	2140
5-Dec	850	1623	1878
6-Dec	1400	363	2050
7-Dec	1940	1565	2655
8-Dec	2950	2485	5169
9-Dec	730	4850	2120
10-Dec	910	1270	2070
11-Dec	1450	1050	2720
12-Dec	2100	1630	2410
13-Dec	1800	1365	2140
14-Dec	700	2120	2230
15-Dec	2000	1440	4070
16-Dec	1500	1840	1725
17-Dec	2000	980	2370
18-Dec	1080	1178	1610
19-Dec	710	1845	2840
20-Dec	670	850	1490
21-Dec	1800	218	3010
22-Dec	1470	5513	5338
23-Dec	520	4733	1678
24-Dec	740	980	1940
25-Dec	1410	758	3018
26-Dec	1830	1405	2900
27-Dec	870	1996	2586
28-Dec	1460	1520	2600
29-Dec	1330	2495	3550
30-Dec	400	1123	1438
31-Dec	1360	280	2350
